routers:
  - sourceName: "local"
    host: 192.168.1.231
    port: 10110
views:
  - mapName: "pvd_harbor"
    north: 41.816851
    south: 41.778544
    east: -71.365609
    west: -71.406421
